0 Untitled Model
0 Name:  EP9
0 Author:  
0 CustomBrick
0 FlexibleBrickControlPointUnitLength -1
0 FlexibleBrickLockedControlPoint 
0 NumOfBricks:  2157
1 72 430.001900 -156.066500 170.011500 0.000000 0.000000 1.000000 0.000000 1.000000 0.000000 -1.000000 0.000000 0.000000 3069b.dat
1 71 500.001900 -147.066500 170.005900 1.000000 0.000000 0.000000 0.000000 1.000000 0.000000 0.000000 0.000000 1.000000 64228.dat
1 72 500.001900 -156.066500 140.005900 1.000000 0.000000 0.000000 0.000000 1.000000 0.000000 0.000000 0.000000 1.000000 4162.dat
1 72 500.001900 -156.066500 200.006000 1.000000 0.000000 0.000000 0.000000 1.000000 0.000000 0.000000 0.000000 1.000000 4162.dat
1 1 -307.999000 -122.068400 -19.993900 0.000000 1.000000 0.000000 0.000000 0.000000 -1.000000 -1.000000 0.000000 0.000000 6636.dat
1 1 -299.999000 -122.068400 -19.993900 0.000000 1.000000 0.000000 0.000000 0.000000 -1.000000 -1.000000 0.000000 0.000000 3010.dat
1 1 -275.999000 -122.068400 -79.993900 0.000000 1.000000 0.000000 0.000000 0.000000 -1.000000 -1.000000 0.000000 0.000000 3666.dat
1 1 -299.999000 -122.068400 -69.993900 0.000000 1.000000 0.000000 -1.000000 0.000000 0.000000 0.000000 0.000000 1.000000 60477.dat
1 1 -275.999000 -122.068400 40.006100 0.000000 1.000000 0.000000 0.000000 0.000000 -1.000000 -1.000000 0.000000 0.000000 3666.dat
1 1 -299.999000 -122.068400 30.006100 0.000000 1.000000 0.000000 1.000000 0.000000 0.000000 0.000000 0.000000 -1.000000 60477.dat
1 1 -267.999000 -122.068400 -19.993900 0.000000 1.000000 0.000000 0.000000 0.000000 -1.000000 -1.000000 0.000000 0.000000 4477.dat
1 1 -259.999000 -122.068400 -79.993900 -1.000000 0.000000 -0.000001 0.000000 0.000001 -1.000000 0.000001 -1.000000 0.000000 4274.dat
1 1 -249.999000 -122.068400 -19.993900 0.000000 1.000000 0.000001 -1.000000 0.000001 0.000000 -0.000001 0.000000 1.000000 40490.dat
1 1 -259.999000 -122.068400 40.006100 -1.000000 0.000000 -0.000001 0.000000 0.000001 -1.000000 0.000001 -1.000000 0.000000 4274.dat
1 0 -240.001100 -122.068200 -99.994010 -1.000000 0.000000 -0.000010 0.000000 -1.000000 0.000000 -0.000010 0.000000 1.000000 2780.dat
1 1 -250.001100 -122.068200 -119.994000 0.000000 1.000000 -0.000001 1.000000 -0.000001 0.000000 -0.000001 0.000000 -1.000000 32348.dat
1 1 -240.001100 -122.068200 -119.994000 -1.000000 0.000000 0.000001 0.000000 0.000001 1.000000 -0.000001 1.000000 0.000000 3749.dat
1 1 -240.001100 -74.068200 -215.994000 -1.000000 0.000000 0.000001 0.000000 0.600001 0.799999 -0.000001 0.799999 -0.600001 3749.dat
1 0 -230.001100 -82.068200 -119.993800 0.000000 1.000000 0.000000 0.000000 0.000000 -1.000000 -1.000000 0.000000 0.000000 60484.dat
1 1 -240.001100 -121.986400 -179.885100 1.000000 0.000000 -0.000001 0.000000 -0.798635 -0.601815 -0.000001 0.601816 -0.798635 3749.dat
1 1 -230.001100 -121.685500 -179.485800 0.000000 -1.000000 0.000000 -0.601815 0.000000 0.798636 -0.798636 0.000000 -0.601815 6629.dat
1 1 -260.001100 -106.068200 -191.994000 -1.000000 0.000000 -0.000001 0.000001 -0.601815 -0.798636 0.000000 -0.798636 0.601815 4274.dat
1 1 -292.001000 -98.081890 -198.012200 0.000000 1.000000 0.000000 0.601815 0.000000 0.798636 0.798636 0.000000 -0.601815 11153.dat
1 1 -284.001000 -74.122700 -216.066700 0.000000 1.000000 0.000000 0.601815 0.000000 0.798635 0.798635 0.000000 -0.601815 3024.dat
1 1 -276.001000 -82.109100 -210.048500 0.000000 1.000000 0.000000 -0.798635 0.000000 0.601815 0.601815 0.000000 0.798635 3023.dat
1 1 -268.001100 -98.081790 -198.012200 0.000000 1.000000 0.000000 -0.798635 0.000000 0.601815 0.601815 0.000000 0.798635 3710.dat
1 1 -260.001100 -90.068200 -203.994000 -1.000000 0.000000 -0.000001 0.000000 0.000001 -1.000000 0.000001 -1.000000 0.000000 4274.dat
1 1 -230.001100 -102.067700 -119.993700 -1.000000 0.000000 0.000000 0.000000 -1.000000 0.000011 0.000000 0.000011 1.000000 6558.dat
1 0 -250.000200 -102.068000 -19.994100 0.000000 -1.000000 0.000010 1.000000 -0.000001 0.000000 -0.000001 0.000010 1.000000 32278.dat
1 1 -260.001100 -102.067800 -99.994190 -1.000000 0.000000 -0.000001 0.000000 0.000001 -1.000000 0.000001 -1.000000 0.000000 4274.dat
1 0 -276.001100 -102.067800 -69.994200 0.000000 1.000000 0.000000 0.000000 0.000000 -1.000000 -1.000000 0.000000 0.000000 50746.dat
1 0 -276.001100 -102.067800 -19.994200 0.000000 1.000000 0.000000 0.000000 0.000000 -1.000000 -1.000000 0.000000 0.000000 3666.dat
1 0 -276.001100 -102.067800 30.005800 0.000000 1.000000 0.000000 0.000000 0.000000 -1.000000 -1.000000 0.000000 0.000000 50746.dat
1 0 -284.001100 -102.067800 -19.994200 0.000000 1.000000 0.000000 0.000000 0.000000 -1.000000 -1.000000 0.000000 0.000000 2431.dat
1 0 -268.001100 -102.067800 -19.994200 0.000000 1.000000 0.000000 0.000000 0.000000 -1.000000 -1.000000 0.000000 0.000000 3023.dat
1 0 -268.001100 -102.067800 -99.994190 0.000000 1.000000 0.000000 0.000000 0.000000 -1.000000 -1.000000 0.000000 0.000000 3666.dat
1 0 -268.001100 -102.067700 -139.994200 0.000000 1.000000 0.000000 1.000000 0.000000 0.000000 0.000000 0.000000 -1.000000 11477.dat
1 0 -276.001100 -102.067700 -149.994200 0.000000 1.000000 0.000000 0.000000 0.000000 -1.000000 -1.000000 0.000000 0.000000 3024.dat
1 0 -268.001100 -102.067800 -99.994190 0.000000 1.000000 0.000000 0.000000 0.000000 -1.000000 -1.000000 0.000000 0.000000 85984.dat
1 0 -268.001100 -102.067800 60.005800 0.000000 1.000000 0.000000 0.000000 0.000000 -1.000000 -1.000000 0.000000 0.000000 3666.dat
1 0 -268.001100 -102.067800 100.005800 0.000000 1.000000 0.000000 -1.000000 0.000000 0.000000 0.000000 0.000000 1.000000 11477.dat
1 0 -276.001100 -102.067800 110.005800 0.000000 1.000000 0.000000 0.000000 0.000000 -1.000000 -1.000000 0.000000 0.000000 3024.dat
1 0 -268.001100 -102.067800 60.005800 0.000000 1.000000 0.000000 0.000000 0.000000 -1.000000 -1.000000 0.000000 0.000000 85984.dat
1 1 -259.999800 -102.067800 20.006000 -1.000000 -0.000011 -0.000001 0.000000 0.000001 -1.000000 0.000011 -1.000000 0.000000 4274.dat
1 1 -259.999600 -102.067900 40.005500 -1.000000 0.000000 -0.000001 0.000000 0.000001 -1.000000 0.000001 -1.000000 0.000000 4274.dat
1 1 -260.000700 -102.067800 -59.994200 -1.000000 0.000000 -0.000001 0.000000 0.000001 -1.000000 0.000001 -1.000000 0.000000 4274.dat
1 1 -260.000900 -102.067800 -79.994200 -1.000000 0.000000 -0.000001 0.000000 0.000001 -1.000000 0.000001 -1.000000 0.000000 4274.dat
1 1 -259.999400 -102.067900 60.005500 -1.000000 0.000000 -0.000001 0.000000 0.000001 -1.000000 0.000001 -1.000000 0.000000 4274.dat
1 1 -260.000300 -102.067800 -19.994200 -1.000000 0.000000 -0.000001 0.000000 0.000001 -1.000000 0.000001 -1.000000 0.000000 4274.dat
1 1 -229.999000 -102.067900 80.006800 -1.000000 0.000000 0.000000 0.000000 -1.000000 0.000011 0.000000 0.000011 1.000000 6558.dat
1 1 -249.999000 -122.068400 80.006100 0.000000 -1.000000 0.000001 1.000000 -0.000001 0.000000 0.000001 0.000000 1.000000 32348.dat
1 1 -239.999000 -122.068500 80.006100 -1.000000 0.000000 0.000001 0.000000 0.000001 1.000000 -0.000001 1.000000 0.000000 3749.dat
1 1 -239.999000 -74.068500 176.006100 -1.000000 0.000000 0.000001 0.000001 -0.600001 0.799999 0.000000 0.800000 0.600001 3749.dat
1 0 -229.999000 -82.068400 80.006600 0.000000 1.000000 0.000000 0.000000 0.000000 -1.000000 -1.000000 0.000000 0.000000 60484.dat
1 1 -239.999000 -122.041200 139.970000 1.000000 0.000000 -0.000001 0.000001 -0.798635 0.601816 0.000000 -0.601816 -0.798635 3749.dat
1 1 -229.999000 -121.740300 139.570600 0.000000 1.000000 0.000000 -0.601814 0.000000 0.798636 0.798636 0.000000 0.601815 6629.dat
1 1 -259.999000 -106.068500 152.006100 -1.000000 0.000000 -0.000001 0.000000 0.000001 -1.000000 0.000001 -1.000000 0.000000 4274.dat
1 1 -291.999000 -98.082100 158.024300 0.000000 1.000000 0.000000 -0.601815 0.000000 0.798635 0.798635 0.000000 0.601815 11153.dat
1 1 -283.999100 -74.123100 176.078800 0.000000 1.000000 0.000000 -0.601815 0.000000 0.798635 0.798635 0.000000 0.601815 3024.dat
1 1 -275.999100 -82.109400 170.060600 0.000000 1.000000 0.000000 -0.798635 0.000000 -0.601815 -0.601815 0.000000 0.798635 3023.dat
1 1 -267.999000 -98.082200 158.024300 0.000000 1.000000 0.000000 -0.798635 0.000000 -0.601815 -0.601815 0.000000 0.798635 3710.dat
1 1 -259.999000 -90.068400 164.006100 -1.000000 0.000000 -0.000001 0.000000 0.601816 -0.798635 0.000001 -0.798635 -0.601815 4274.dat
1 0 -239.999000 -122.068400 60.006300 -1.000000 0.000000 -0.000010 0.000000 -1.000000 0.000000 -0.000010 0.000000 1.000000 2780.dat
1 0 -239.999000 -122.068400 100.006300 -1.000000 0.000000 -0.000010 0.000000 -1.000000 0.000000 -0.000010 0.000000 1.000000 2780.dat
1 1 -239.999000 -42.177500 200.151500 -1.000000 0.000000 -0.000001 0.000000 0.000001 -1.000000 0.000001 -1.000000 0.000000 4274.dat
1 1 -279.998900 -42.268300 200.151300 0.000000 1.000000 0.000000 1.000000 0.000000 0.000000 0.000000 0.000000 -1.000000 11477.dat
1 1 -287.999000 -42.268300 190.151300 0.000000 1.000000 0.000000 0.000000 0.000000 -1.000000 -1.000000 0.000000 0.000000 3024.dat
1 1 -279.999000 -42.268300 200.151300 0.000000 1.000000 0.000000 0.000000 0.000000 1.000000 1.000000 0.000000 0.000000 3023.dat
1 1 -271.999000 -42.268300 200.151300 0.000000 1.000000 0.000000 0.000000 0.000000 1.000000 1.000000 0.000000 0.000000 3023.dat
1 1 -263.999000 -42.268300 210.151300 0.000000 1.000000 0.000000 0.000000 0.000000 1.000000 1.000000 0.000000 0.000000 3623.dat
1 1 -255.999000 -42.268400 240.151300 0.000000 1.000000 0.000000 0.000000 0.000000 -1.000000 -1.000000 0.000000 0.000000 3710.dat
1 1 -279.999000 -42.268400 250.151300 0.000000 1.000000 0.000000 1.000000 0.000000 0.000000 0.000000 0.000000 -1.000000 50950.dat
1 1 -247.999000 -42.268400 220.151400 0.000000 1.000000 0.000000 0.000000 0.000000 -1.000000 -1.000000 0.000000 0.000000 3710.dat
1 1 -239.999000 -42.268300 240.151400 -1.000000 0.000000 -0.000001 0.000000 0.000001 -1.000000 0.000001 -1.000000 0.000000 4274.dat
1 0 -312.001800 -42.067700 -79.993600 0.000000 1.000000 0.000000 0.000000 0.000000 -1.000000 -1.000000 0.000000 0.000000 6636.dat
1 0 -304.001800 -42.067700 -99.993600 0.000000 1.000000 0.000000 0.000000 0.000000 -1.000000 -1.000000 0.000000 0.000000 3666.dat
1 0 -296.001800 -42.067700 -119.993600 0.000000 1.000000 0.000000 0.000000 0.000000 -1.000000 -1.000000 0.000000 0.000000 3666.dat
1 0 -288.001800 -42.067700 -119.993700 0.000000 1.000000 0.000000 0.000000 0.000000 -1.000000 -1.000000 0.000000 0.000000 4477.dat
1 0 -312.001800 -42.067700 -179.993700 0.000000 1.000000 0.000000 -1.000000 0.000000 0.000000 0.000000 0.000000 1.000000 11153.dat
1 0 -296.001800 -42.067700 -19.993600 0.000000 1.000000 0.000000 0.000000 0.000000 -1.000000 -1.000000 0.000000 0.000000 3710.dat
1 0 -288.001400 -42.067700 80.006290 0.000000 1.000000 0.000000 0.000000 0.000000 -1.000000 -1.000000 0.000000 0.000000 4477.dat
1 0 -280.001400 -42.067700 160.006300 0.000000 1.000000 0.000000 0.000000 0.000000 -1.000000 -1.000000 0.000000 0.000000 3065.dat
1 1 -256.001400 -42.067700 170.006300 0.000000 1.000000 0.000000 0.000000 0.000000 1.000000 1.000000 0.000000 0.000000 3623.dat
1 0 -312.001800 -42.067700 140.006400 0.000000 1.000000 0.000000 1.000000 0.000000 0.000000 0.000000 0.000000 -1.000000 11153.dat
1 0 -296.001900 -42.067700 80.006400 0.000000 1.000000 0.000000 0.000000 0.000000 -1.000000 -1.000000 0.000000 0.000000 3666.dat
1 0 -304.001800 -42.067700 60.006400 0.000000 1.000000 0.000000 0.000000 0.000000 -1.000000 -1.000000 0.000000 0.000000 3666.dat
1 0 -312.001800 -42.067700 40.006400 0.000000 1.000000 0.000000 0.000000 0.000000 -1.000000 -1.000000 0.000000 0.000000 6636.dat
1 0 -304.001800 -42.067700 -19.993600 0.000000 1.000000 0.000000 0.000000 0.000000 -1.000000 -1.000000 0.000000 0.000000 3023.dat
1 0 -280.001800 -42.067700 -199.993700 0.000000 1.000000 0.000000 0.000000 0.000000 -1.000000 -1.000000 0.000000 0.000000 3065.dat
1 1 -256.001800 -42.067700 -209.993700 0.000000 1.000000 0.000000 0.000000 0.000000 1.000000 1.000000 0.000000 0.000000 3623.dat
1 1 -280.001800 -42.067700 -39.993600 -1.000000 0.000000 -0.000001 0.000000 0.000001 -1.000000 0.000001 -1.000000 0.000000 4274.dat
1 0 -270.001600 -42.067900 -19.993600 0.000000 -1.000000 0.000010 1.000000 -0.000001 0.000000 -0.000001 0.000010 1.000000 32278.dat
1 1 -280.002000 -42.067600 -59.993700 -1.000000 0.000000 -0.000001 0.000000 0.000001 -1.000000 0.000001 -1.000000 0.000000 4274.dat
1 1 -280.001200 -42.067700 20.006300 -1.000000 0.000000 -0.000001 0.000000 0.000001 -1.000000 0.000001 -1.000000 0.000000 4274.dat
1 1 -280.000800 -42.067700 60.006100 -1.000000 0.000000 -0.000001 0.000000 0.000001 -1.000000 0.000001 -1.000000 0.000000 4274.dat
1 1 -280.001400 -42.067700 0.006300 -1.000000 0.000000 -0.000001 0.000000 0.000001 -1.000000 0.000001 -1.000000 0.000000 4274.dat
1 1 -280.002500 -42.067600 -99.993600 -1.000000 0.000000 -0.000001 0.000000 0.000001 -1.000000 0.000001 -1.000000 0.000000 4274.dat
1 0 -260.001000 -42.067700 -79.993900 1.000000 0.000000 0.000000 0.000000 -1.000000 -0.000011 0.000000 0.000011 -1.000000 2780.dat
1 0 -210.001000 -42.067700 -19.993800 0.000001 0.000000 -1.000000 0.000000 -1.000000 0.000000 -1.000000 0.000000 -0.000001 64782.dat
1 0 -260.001000 -42.067700 40.006200 1.000000 0.000000 0.000000 0.000000 -1.000000 -0.000011 0.000000 0.000011 -1.000000 2780.dat
1 1 -250.001000 -62.067700 -99.993800 0.000000 1.000000 0.000011 -1.000000 0.000000 0.000000 0.000000 -0.000011 1.000000 6558.dat
1 0 -250.000400 -62.069400 -19.993700 1.000000 -0.000001 0.000000 0.000000 1.000000 0.000001 -0.000001 0.000000 1.000000 40490.dat
1 1 -250.000400 -62.069400 60.006100 0.000000 1.000000 0.000011 -1.000000 0.000000 0.000000 0.000000 -0.000011 1.000000 6558.dat
1 0 -190.000300 -82.069400 60.006400 -0.000001 0.000000 1.000000 0.000000 1.000000 0.000001 -1.000000 0.000001 0.000000 32524.dat
1 0 -230.000300 -102.069400 60.006300 0.000000 1.000000 -0.000011 1.000000 0.000000 0.000001 0.000001 -0.000011 -1.000000 15100.dat
1 1 -210.000300 -102.069400 60.006400 1.000000 0.000000 0.000000 0.000000 -1.000000 0.000011 0.000000 -0.000011 -1.000000 6558.dat
1 0 -210.000000 -102.068000 -19.993600 0.000000 -1.000000 0.000010 1.000000 -0.000001 0.000000 -0.000001 0.000010 1.000000 32278.dat
1 1 -210.000900 -102.067700 -99.993600 -1.000000 0.000000 0.000000 0.000000 -1.000000 0.000011 0.000000 0.000011 1.000000 6558.dat
1 0 -230.000900 -102.067800 -99.993600 0.000000 -1.000000 0.000011 1.000000 0.000000 0.000001 -0.000001 0.000011 1.000000 15100.dat
1 0 -190.001000 -82.067700 -99.993600 -0.000001 0.000000 1.000000 0.000000 1.000000 0.000001 -1.000000 0.000001 0.000000 32524.dat
1 0 -190.000900 -102.067700 -99.993600 0.000000 -1.000000 0.000011 1.000000 0.000000 0.000001 -0.000001 0.000011 1.000000 15100.dat
1 1 -170.001000 -62.067700 -99.993800 0.000000 1.000000 0.000011 -1.000000 0.000000 0.000000 0.000000 -0.000011 1.000000 6558.dat
1 0 -170.001000 -62.067700 -19.993700 1.000000 -0.000001 0.000000 0.000000 1.000000 0.000001 -0.000001 0.000000 1.000000 40490.dat
1 0 -170.001000 -82.067700 -39.993700 0.000001 -0.000011 -1.000000 1.000000 0.000000 0.000001 0.000000 -1.000000 0.000011 15100.dat
1 1 -170.000900 -82.067700 -49.993700 0.000000 0.956306 0.292368 -0.000001 0.292368 -0.956306 -1.000000 0.000000 0.000001 3749.dat
1 71 -161.229800 -110.756900 -54.993700 0.956305 0.000000 -0.292370 0.292370 0.000000 0.956305 0.000000 -1.000000 0.000000 32449.dat
1 71 -161.229800 -110.756900 -64.993700 0.956305 0.000000 -0.292370 0.292370 0.000000 0.956305 0.000000 -1.000000 0.000000 32449.dat
1 0 -152.458600 -139.446100 -79.993700 0.000000 0.956306 -0.292370 0.000000 0.292370 0.956305 1.000000 0.000000 0.000000 18651.dat
1 1 -157.564100 -158.194400 -99.993600 0.961262 -0.000001 0.275638 -0.275638 0.000000 0.961262 0.000000 -1.000000 -0.000001 32316.dat
1 0 -168.589600 -196.644900 -109.993600 0.000000 -1.000000 -0.000011 0.000000 0.000011 -1.000000 1.000000 0.000000 0.000000 2780.dat
1 1 -168.606400 -196.640100 -119.993600 0.275637 0.961262 0.000000 0.961262 -0.275637 0.000000 0.000000 0.000000 -1.000000 64682.dat
1 0 -183.133200 -172.407100 -109.993600 0.000000 -1.000000 -0.000011 0.000000 0.000011 -1.000000 1.000000 0.000000 0.000000 2780.dat
1 1 -221.945000 -162.729800 -99.993600 -0.241932 0.000000 0.970293 -0.970293 0.000001 -0.241932 0.000000 -1.000000 -0.000001 32316.dat
1 0 -202.539100 -167.568400 -89.993600 0.000000 -1.000000 -0.000011 0.000000 0.000011 -1.000000 1.000000 0.000000 0.000000 2780.dat
1 1 -183.133100 -172.406200 -79.993700 -0.241921 0.000001 -0.970296 -0.970296 0.000000 0.241921 0.000000 1.000000 0.000001 32525.dat
1 0 -221.944900 -162.729400 -69.993600 0.000000 -1.000000 -0.000011 0.000000 0.000011 -1.000000 1.000000 0.000000 0.000000 2780.dat
1 1 -299.568600 -143.375900 -59.993600 -0.241920 0.970296 0.000000 -0.970296 -0.241920 0.000000 0.000000 0.000000 1.000000 41669.dat
1 0 -280.162700 -148.214200 -59.993600 -0.970296 0.000000 0.241921 0.241921 0.000000 0.970296 0.000000 1.000000 0.000000 18651.dat
1 1 -285.014100 -147.004600 -19.993600 0.241920 0.970296 0.000000 0.970296 -0.241920 -0.000001 -0.000001 0.000000 -1.000000 11478.dat
1 0 -280.162700 -148.214200 20.006400 -0.970296 0.000000 0.241921 0.241921 0.000000 0.970296 0.000000 1.000000 0.000000 18651.dat
1 1 -299.568500 -143.375700 20.006400 0.241920 0.970296 0.000000 0.970296 -0.241920 0.000000 0.000000 0.000000 -1.000000 41669.dat
1 1 -275.311200 -149.423800 -19.993600 0.241920 0.970296 0.000000 0.970296 -0.241920 -0.000001 -0.000001 0.000000 -1.000000 11478.dat
1 1 -163.727100 -177.244800 -19.993700 -0.970296 0.241922 -0.000001 0.241922 0.970296 0.000000 0.000001 0.000000 -1.000000 64782.dat
1 0 -56.994600 -203.856200 20.006400 0.970296 0.241921 0.000000 -0.241921 0.970296 0.000000 0.000000 0.000000 1.000000 2780.dat
1 0 -8.479800 -215.952200 -19.993600 -0.000001 0.241920 0.970296 0.000000 0.970296 -0.241920 -1.000000 0.000000 -0.000001 64782.dat
1 0 -56.994600 -203.856200 -79.993700 -0.970297 -0.000003 0.241920 0.241920 -0.000010 0.970296 0.000003 1.000000 0.000010 2780.dat
1 1 -66.697600 -201.437000 -139.993600 -0.241918 0.970297 0.000000 -0.970297 -0.241918 -0.000001 -0.000001 0.000000 1.000000 32524.dat
1 0 -76.400500 -199.017800 -119.993700 0.970296 -0.000003 0.241921 -0.241921 -0.000010 0.970296 0.000003 -1.000000 -0.000010 2780.dat
1 1 -86.103400 -196.598600 -139.993600 0.241921 -0.970296 0.000000 0.970296 0.241921 0.000001 -0.000001 0.000000 1.000000 32316.dat
1 0 -95.806400 -194.179400 -99.993700 0.970296 -0.000003 0.241921 -0.241921 -0.000010 0.970296 0.000003 -1.000000 -0.000010 2780.dat
1 0 -105.509300 -191.760100 -99.993600 0.000000 0.970296 0.241921 -0.000001 -0.241921 0.970296 1.000000 0.000000 0.000001 15100.dat
1 0 -56.994600 -203.856200 -59.993600 0.970296 0.241921 0.000000 -0.241921 0.970296 0.000000 0.000000 0.000000 1.000000 2780.dat
1 1 49.738000 -230.467400 -79.993600 -0.970297 -0.241919 -0.000003 0.241919 -0.970297 -0.000010 0.000002 -0.000010 1.000000 6558.dat
1 0 49.737900 -230.467400 -19.993600 -0.241919 0.970296 0.000000 -0.970296 -0.241919 -0.000001 -0.000001 0.000000 1.000000 32525.dat
1 1 49.738000 -230.467400 40.006400 -0.970297 -0.241919 -0.000003 0.241919 -0.970297 -0.000010 0.000002 -0.000010 1.000000 6558.dat
1 0 68.949900 -235.257400 80.006400 -0.241919 -0.970296 0.000000 -0.970297 0.241919 0.000001 0.000000 0.000001 -1.000000 11947.dat
1 0 59.440900 -232.886600 20.006300 -0.970297 0.241919 0.000003 0.241919 0.970297 0.000010 0.000002 0.000010 -1.000000 2780.dat
1 0 59.440900 -232.886600 -59.993600 0.970296 0.241919 0.000000 -0.241919 0.970296 0.000000 0.000000 0.000000 1.000000 2780.dat
1 0 68.949800 -235.257400 -119.768600 0.241920 -0.970296 0.000000 0.970296 0.241920 0.000001 0.000000 -0.000001 1.000000 11946.dat
1 0 -8.480000 -215.952300 -129.993600 -0.000010 0.000012 1.000000 0.000000 1.000000 -0.000012 -1.000000 0.000000 -0.000010 2780.dat
1 1 -8.480000 -215.952200 -139.993600 0.241932 0.970294 0.000000 0.970294 -0.241932 0.000000 0.000000 0.000000 -1.000000 87086.dat
1 0 1.223000 -218.371300 -199.984300 0.970296 0.241919 0.000000 -0.241919 0.970296 0.000000 0.000000 0.000000 1.000000 2780.dat
1 0 10.925900 -220.790500 -139.993600 -0.241919 -0.970296 0.000000 -0.970297 0.241919 0.000000 0.000000 0.000000 -1.000000 87080.dat
1 0 10.925900 -220.790500 -129.993600 0.000000 0.000011 1.000000 0.000000 1.000000 -0.000011 -1.000000 0.000000 0.000000 2780.dat
1 0 1.223000 -218.371300 -179.984400 0.970296 0.241919 0.000000 -0.241919 0.970296 0.000000 0.000000 0.000000 1.000000 2780.dat
1 0 -8.479800 -215.952200 90.006400 0.000000 -1.000000 -0.000011 0.000000 -0.000011 1.000000 -1.000000 0.000000 0.000000 2780.dat
1 1 -8.479800 -215.952200 100.006400 -0.258819 0.965926 0.000000 -0.965926 -0.258819 0.000000 0.000000 0.000000 1.000000 87080.dat
1 0 1.179400 -218.540500 159.997100 0.965927 0.258816 0.000000 -0.258816 0.965927 0.000000 0.000000 0.000000 1.000000 2780.dat
1 0 10.838700 -221.128600 100.006400 0.258819 -0.965926 0.000000 0.965926 0.258819 0.000000 0.000000 0.000000 1.000000 87086.dat
1 0 1.179500 -218.540400 139.997100 -0.965926 -0.000003 0.258819 0.258819 -0.000010 0.965926 0.000003 1.000000 0.000010 2780.dat
1 0 10.926100 -220.790600 90.006400 0.000000 0.000011 1.000000 0.000000 1.000000 -0.000011 -1.000000 0.000000 0.000000 2780.dat
1 0 -56.994600 -203.856200 40.006300 -0.970297 -0.000003 0.241920 0.241920 -0.000010 0.970296 0.000003 1.000000 0.000010 2780.dat
1 1 -66.697600 -201.437000 100.006400 -0.241918 0.970297 0.000000 -0.970297 -0.241918 -0.000001 -0.000001 0.000000 1.000000 32524.dat
1 0 -76.400500 -199.017800 80.006290 0.970296 -0.000003 0.241921 -0.241921 -0.000010 0.970296 0.000003 -1.000000 -0.000010 2780.dat
1 1 -86.103500 -196.598600 100.006400 0.241921 -0.970296 0.000000 0.970296 0.241921 0.000001 -0.000001 0.000000 1.000000 32316.dat
1 0 -95.806510 -194.179400 60.006300 0.970296 -0.000003 0.241921 -0.241921 -0.000010 0.970296 0.000003 -1.000000 -0.000010 2780.dat
1 0 -105.509400 -191.760100 60.006400 0.000000 -0.970296 0.241920 -0.000001 0.241920 0.970296 -1.000000 0.000000 -0.000001 15100.dat
1 1 -183.133100 -172.406300 40.006300 -0.241921 0.000001 -0.970296 -0.970296 0.000000 0.241921 0.000000 1.000000 0.000001 32525.dat
1 0 -221.944900 -162.729400 30.006400 0.000000 -1.000000 -0.000011 0.000000 0.000011 -1.000000 1.000000 0.000000 0.000000 2780.dat
1 0 -202.539100 -167.568400 50.006400 0.000000 -1.000000 -0.000011 0.000000 0.000011 -1.000000 1.000000 0.000000 0.000000 2780.dat
1 1 -221.945000 -162.729800 60.006400 -0.241932 0.000000 0.970293 -0.970293 0.000001 -0.241932 0.000000 -1.000000 -0.000001 32316.dat
1 0 -241.350800 -157.891200 70.006400 0.000000 -1.000000 -0.000011 0.000000 0.000011 -1.000000 1.000000 0.000000 0.000000 2780.dat
1 1 -168.565800 -196.651500 80.006400 -0.241922 0.970296 0.000000 -0.970296 -0.241922 0.000000 0.000000 0.000000 1.000000 64392.dat
1 0 -158.864800 -199.078700 160.006300 0.970296 -0.000003 0.241921 -0.241921 -0.000010 0.970296 0.000003 -1.000000 -0.000010 2780.dat
1 1 -149.161900 -201.497900 160.006400 -0.241920 0.970296 0.000000 -0.970296 -0.241920 -0.000001 -0.000001 0.000000 1.000000 32525.dat
1 0 -158.839700 -199.085000 120.006300 0.970296 -0.000003 0.241921 -0.241921 -0.000010 0.970296 0.000003 -1.000000 -0.000010 2780.dat
1 0 -139.459000 -203.917100 60.006300 0.970296 -0.000003 0.241921 -0.241921 -0.000010 0.970296 0.000003 -1.000000 -0.000010 2780.dat
1 1 -129.756000 -206.336300 160.006400 -0.241920 0.970296 0.000000 -0.970296 -0.241920 -0.000001 -0.000001 0.000000 1.000000 32525.dat
1 1 -120.053000 -208.755600 100.006400 0.970296 0.000001 -0.241920 -0.241920 0.000000 -0.970296 -0.000001 1.000000 0.000000 4274.dat
1 1 -112.290600 -210.690900 160.006400 0.000000 -0.970296 -0.241921 0.000000 0.241921 -0.970296 1.000000 0.000000 0.000000 4477.dat
1 1 -112.290600 -210.690900 80.006400 0.000000 -0.970296 0.241921 0.000000 0.241921 0.970296 -1.000000 0.000000 0.000000 85984.dat
1 1 -112.290700 -210.690900 120.006400 0.000000 -0.970296 0.241921 0.000000 0.241921 0.970296 -1.000000 0.000000 0.000000 85984.dat
1 1 -112.290700 -210.690900 160.006400 0.000000 -0.970296 0.241921 0.000000 0.241921 0.970296 -1.000000 0.000000 0.000000 85984.dat
1 1 -112.290700 -210.690900 200.006400 0.000000 -0.970296 0.241921 0.000000 0.241921 0.970296 -1.000000 0.000000 0.000000 85984.dat
1 1 -112.290700 -210.690900 240.006400 0.000000 -0.970296 0.241921 0.000000 0.241921 0.970296 -1.000000 0.000000 0.000000 85984.dat
1 1 -120.053000 -208.755600 140.006300 0.970296 0.000001 -0.241920 -0.241920 0.000000 -0.970296 -0.000001 1.000000 0.000000 4274.dat
1 1 -120.053000 -208.755600 220.006400 0.970296 0.000001 -0.241920 -0.241920 0.000000 -0.970296 -0.000001 1.000000 0.000000 4274.dat
1 1 -120.053000 -208.755600 180.006400 0.970296 0.000001 -0.241920 -0.241920 0.000000 -0.970296 -0.000001 1.000000 0.000000 4274.dat
1 0 -139.458900 -203.917100 260.006300 0.970296 -0.000003 0.241921 -0.241921 -0.000010 0.970296 0.000003 -1.000000 -0.000010 2780.dat
1 0 -183.133200 -172.407100 70.006400 0.000000 -1.000000 -0.000011 0.000000 0.000011 -1.000000 1.000000 0.000000 0.000000 2780.dat
1 0 -168.589600 -196.645500 70.006400 0.000000 -1.000000 -0.000011 0.000000 0.000011 -1.000000 1.000000 0.000000 0.000000 2780.dat
1 1 -157.564100 -158.195000 60.006400 0.961262 -0.000001 0.275638 -0.275638 0.000000 0.961262 0.000000 -1.000000 -0.000001 32316.dat
1 1 -170.001100 -82.067700 10.006300 0.000001 -0.956308 0.292360 0.000000 -0.292360 -0.956308 1.000000 0.000000 -0.000001 3749.dat
1 71 -161.230000 -110.756800 15.006300 0.956306 0.000000 -0.292370 0.292370 0.000000 0.956305 0.000000 -1.000000 0.000000 32449.dat
1 71 -161.230000 -110.756800 25.006300 0.956306 0.000000 -0.292370 0.292370 0.000000 0.956305 0.000000 -1.000000 0.000000 32449.dat
1 0 -152.051300 -138.969800 40.006400 0.000000 -0.956306 -0.292368 0.000000 -0.292368 0.956306 -1.000000 0.000000 0.000000 18651.dat
1 0 -170.001000 -82.067700 0.006300 0.000001 -0.000011 -1.000000 1.000000 0.000000 0.000001 0.000000 -1.000000 0.000011 15100.dat
1 71 -141.025800 -100.519300 40.006400 0.961262 -0.000001 0.275638 -0.275638 0.000000 0.961262 0.000000 -1.000000 -0.000001 32316.dat
1 0 -146.538500 -119.744600 50.006400 0.000000 -1.000000 -0.000011 0.000000 0.000011 -1.000000 1.000000 0.000000 0.000000 2780.dat
1 0 -130.000300 -62.068900 30.006400 0.000000 -1.000000 -0.000011 0.000000 0.000011 -1.000000 1.000000 0.000000 0.000000 2780.dat
1 0 -130.000300 -62.069000 20.006400 1.000000 0.000000 0.000001 -0.000001 0.000011 1.000000 0.000000 -1.000000 0.000011 15100.dat
1 0 -110.000300 -62.069000 20.006300 0.000000 1.000000 -0.000011 -1.000000 0.000000 -0.000001 -0.000001 0.000011 1.000000 15100.dat
1 71 -110.000200 -82.068500 -19.993600 -1.000000 0.000001 0.000000 0.000000 -1.000000 -0.000011 -0.000001 -0.000011 1.000000 32525.dat
1 0 -110.000300 -72.068300 -39.993700 0.000000 -1.000000 -0.000011 -1.000000 0.000000 0.000000 0.000000 0.000011 -1.000000 2780.dat
1 0 -30.000300 -62.068300 -19.993800 1.000000 0.000000 0.000000 0.000000 -1.000000 0.000000 0.000000 0.000000 -1.000000 15458.dat
1 0 -110.000300 -72.068800 0.006300 0.000000 -1.000000 -0.000011 -1.000000 0.000000 0.000000 0.000000 0.000011 -1.000000 2780.dat
1 0 49.999700 -52.068300 -39.993700 0.000000 1.000000 0.000011 -1.000000 0.000000 0.000000 0.000000 -0.000011 1.000000 2780.dat
1 0 129.999700 -42.068300 -19.993800 1.000000 0.000000 0.000000 0.000000 -1.000000 0.000000 0.000000 0.000000 -1.000000 15458.dat
1 0 49.999700 -52.068300 0.006300 0.000000 1.000000 0.000011 -1.000000 0.000000 0.000000 0.000000 -0.000011 1.000000 2780.dat
1 0 149.999700 -42.068400 -49.993800 0.000000 -1.000000 -0.000011 0.000000 -0.000011 1.000000 -1.000000 0.000000 0.000000 2780.dat
1 0 249.999700 -42.068300 -59.993800 0.000001 0.000000 -1.000000 -1.000000 0.000001 0.000000 0.000000 1.000000 0.000001 32525.dat
1 0 189.999700 -42.068400 -49.993700 0.000000 -1.000000 -0.000011 0.000000 -0.000011 1.000000 -1.000000 0.000000 0.000000 2780.dat
1 0 350.001800 -42.066400 -49.994100 0.000000 -1.000000 -0.000011 0.000000 -0.000011 1.000000 -1.000000 0.000000 0.000000 2780.dat
1 0 370.001800 -42.066300 -39.994100 0.000001 0.000000 -1.000000 -1.000000 0.000001 0.000000 0.000000 1.000000 0.000001 32525.dat
1 1 430.001800 -42.066400 -19.994100 0.000000 1.000000 0.000011 0.000000 0.000011 -1.000000 -1.000000 0.000000 0.000000 6558.dat
1 0 370.001800 -42.066300 0.005800 0.000001 0.000000 -1.000000 -1.000000 0.000001 0.000000 0.000000 1.000000 0.000001 32525.dat
1 0 270.001800 -42.066400 10.005900 0.000000 -1.000000 -0.000011 0.000000 -0.000011 1.000000 -1.000000 0.000000 0.000000 2780.dat
1 0 250.001800 -42.066300 20.005800 0.000001 0.000000 -1.000000 -1.000000 0.000001 0.000000 0.000000 1.000000 0.000001 32525.dat
1 0 149.999700 -42.068400 10.006200 0.000000 -1.000000 -0.000011 0.000000 -0.000011 1.000000 -1.000000 0.000000 0.000000 2780.dat
1 0 189.999700 -42.068400 10.006300 0.000000 -1.000000 -0.000011 0.000000 -0.000011 1.000000 -1.000000 0.000000 0.000000 2780.dat
1 0 350.001800 -42.066400 10.005900 0.000000 -1.000000 -0.000011 0.000000 -0.000011 1.000000 -1.000000 0.000000 0.000000 2780.dat
1 1 470.002100 -42.066400 -19.994100 0.000000 1.000000 0.000011 0.000000 0.000011 -1.000000 -1.000000 0.000000 0.000000 6558.dat
1 0 570.001800 -42.066400 -19.994000 0.000001 0.000000 -1.000000 1.000000 -0.000001 0.000000 0.000000 -1.000000 -0.000001 32278.dat
1 1 710.001800 -42.066400 -19.994100 0.000000 1.000000 0.000011 0.000000 -0.000011 1.000000 1.000000 0.000000 0.000000 6558.dat
1 71 630.001100 -42.066800 220.006300 0.000000 0.000000 1.000000 -1.000000 0.000000 0.000000 0.000000 -1.000000 0.000000 55615.dat
1 0 670.001900 -42.066400 100.005900 -0.000001 0.000000 1.000000 0.000000 -1.000000 0.000000 1.000000 0.000000 0.000001 64782.dat
1 0 720.001900 -42.066400 60.005900 1.000000 0.000000 0.000000 0.000000 -0.000011 1.000000 0.000000 -1.000000 -0.000011 2780.dat
1 0 730.001800 -42.066400 -19.994000 0.000000 1.000000 0.000001 1.000000 -0.000001 0.000000 0.000001 0.000000 -1.000000 32278.dat
1 0 720.001900 -42.066400 -99.993800 1.000000 0.000000 0.000000 0.000000 -0.000011 1.000000 0.000000 -1.000000 -0.000011 2780.dat
1 71 629.999700 -42.065700 -259.993900 0.000000 -1.000000 0.000000 -1.000000 0.000000 0.000000 0.000000 0.000000 -1.000000 55615.dat
1 0 669.999800 -42.065800 -139.994000 -0.000001 0.000000 1.000000 0.000000 -1.000000 0.000000 1.000000 0.000000 0.000001 64782.dat
1 0 720.001900 -42.066300 -159.994000 1.000000 0.000000 0.000000 0.000000 -0.000011 1.000000 0.000000 -1.000000 -0.000011 2780.dat
1 0 709.999800 -52.065800 -59.994000 0.000000 -0.000011 1.000000 -1.000000 0.000000 0.000000 0.000000 -1.000000 -0.000011 2780.dat
1 0 729.999600 -62.065900 -59.994000 -0.000001 0.000000 1.000000 0.000000 1.000000 0.000001 -1.000000 0.000001 0.000000 32278.dat
1 0 809.999400 -72.065800 -59.994000 0.000000 -0.000011 1.000000 -1.000000 0.000000 0.000000 0.000000 -1.000000 -0.000011 2780.dat
1 71 869.999400 -82.065800 -79.994000 -0.000001 0.000000 -1.000000 0.000000 1.000000 -0.000001 1.000000 -0.000001 0.000000 32140.dat
1 0 829.989000 -92.067000 -79.993190 0.000000 -0.000011 1.000000 -1.000000 0.000000 0.000000 0.000000 -1.000000 -0.000011 2780.dat
1 71 829.989000 -142.067000 -99.993000 1.000000 0.000000 0.000000 0.000000 0.000000 -1.000000 0.000000 1.000000 0.000000 63869.dat
1 71 829.988800 -142.067000 -99.993000 -1.000000 0.000000 0.000000 0.000000 1.000000 0.000000 0.000000 0.000000 -1.000000 32073.dat
1 71 784.989000 -142.067000 -99.993110 0.000000 1.000000 0.000001 0.000001 0.000000 1.000000 1.000000 0.000001 0.000000 11478.dat
1 71 829.988800 -182.067000 -99.993110 -1.000000 0.000000 0.000000 0.000000 1.000000 0.000000 0.000000 0.000000 -1.000000 32073.dat
1 71 794.988800 -142.067000 -99.993110 0.000000 1.000000 0.000001 0.000001 0.000000 1.000000 1.000000 0.000001 0.000000 11478.dat
1 71 829.988800 -102.067000 -99.993190 -1.000000 0.000000 0.000000 0.000000 1.000000 0.000000 0.000000 0.000000 -1.000000 32073.dat
1 71 829.989000 -102.067000 -99.993190 1.000000 0.000000 0.000000 0.000000 0.000000 -1.000000 0.000000 1.000000 0.000000 63869.dat
1 71 864.988800 -142.067000 -99.993110 0.000000 1.000000 0.000001 0.000001 0.000000 1.000000 1.000000 0.000001 0.000000 11478.dat
1 71 874.988800 -142.067000 -99.993110 0.000000 1.000000 0.000001 0.000001 0.000000 1.000000 1.000000 0.000001 0.000000 11478.dat
1 71 829.982800 -182.066100 -19.993000 0.000000 1.000000 0.000001 -1.000000 0.000001 0.000000 -0.000001 0.000000 1.000000 32525.dat
1 71 829.982800 -142.066200 60.007000 -1.000000 0.000000 0.000000 0.000000 0.000000 -1.000000 0.000000 -1.000000 0.000000 63869.dat
1 71 829.982800 -142.066200 60.007000 -1.000000 0.000000 0.000000 0.000000 1.000000 0.000000 0.000000 0.000000 -1.000000 32073.dat
1 71 784.982800 -142.066100 60.006800 0.000000 1.000000 0.000001 0.000001 0.000000 1.000000 1.000000 0.000001 0.000000 11478.dat
1 71 829.982800 -182.066200 60.006900 -1.000000 0.000000 0.000000 0.000000 1.000000 0.000000 0.000000 0.000000 -1.000000 32073.dat
1 71 794.982800 -142.066200 60.006800 0.000000 1.000000 0.000001 0.000001 0.000000 1.000000 1.000000 0.000001 0.000000 11478.dat
1 71 829.982800 -102.066200 60.006900 -1.000000 0.000000 0.000000 0.000000 1.000000 0.000000 0.000000 0.000000 -1.000000 32073.dat
1 71 829.982800 -102.066200 60.006900 -1.000000 0.000000 0.000000 0.000000 0.000000 -1.000000 0.000000 -1.000000 0.000000 63869.dat
1 71 864.982700 -142.066100 60.006800 0.000000 1.000000 0.000001 0.000001 0.000000 1.000000 1.000000 0.000001 0.000000 11478.dat
1 71 874.982700 -142.066200 60.006800 0.000000 1.000000 0.000001 0.000001 0.000000 1.000000 1.000000 0.000001 0.000000 11478.dat
1 71 809.982800 -102.066100 140.007000 0.000000 -1.000000 -0.000001 -1.000000 0.000001 0.000000 0.000001 0.000000 -1.000000 40490.dat
1 71 829.982800 -142.066200 100.007000 -1.000000 0.000000 0.000000 0.000000 1.000000 0.000000 0.000000 0.000000 -1.000000 4519.dat
1 71 829.982900 -121.441200 100.007000 1.000000 0.000000 0.000000 0.000000 -1.000000 0.000000 0.000000 0.000000 -1.000000 32184.dat
1 71 829.982900 -102.066200 100.007000 -1.000000 0.000000 0.000000 0.000000 1.000000 0.000000 0.000000 0.000000 -1.000000 4519.dat
1 71 829.985100 -122.066500 60.005300 0.000000 -1.000000 0.000000 1.000000 0.000000 0.000000 0.000000 0.000000 1.000000 62520.dat
1 71 829.985200 -122.066500 60.005300 -1.000000 0.000000 -0.000001 0.000000 1.000000 0.000000 0.000001 0.000000 -1.000000 3326.dat
1 71 829.985200 -122.066500 60.005300 1.000000 0.000000 0.000000 0.000000 -1.000000 0.000000 0.000000 0.000000 -1.000000 62520.dat
1 71 829.985200 -122.066500 100.005300 0.000000 0.000000 -1.000000 0.000000 1.000000 0.000000 1.000000 0.000000 0.000000 4519.dat
1 71 829.985200 -122.066500 130.005300 -1.000000 0.000000 0.000000 0.000000 1.000000 0.000000 0.000000 0.000000 -1.000000 6538b.dat
1 71 829.985200 -122.066500 160.005300 0.000000 0.000000 -1.000000 0.000000 1.000000 0.000000 1.000000 0.000000 0.000000 4519.dat
1 71 829.989700 -122.065900 219.732600 1.000000 -0.000001 -0.000001 -0.000001 -1.000000 0.000001 -0.000001 -0.000001 -1.000000 32494.dat
1 19 829.993700 -121.567800 -2.494700 -1.000000 0.000000 -0.000001 0.000000 1.000000 0.000000 0.000001 0.000000 -1.000000 6589.dat
1 71 829.985100 -122.066500 20.005300 0.000000 0.000000 1.000000 0.000000 1.000000 0.000000 -1.000000 0.000000 0.000000 4519.dat
1 71 829.986100 -122.066600 -19.994700 0.000078 0.000000 1.000000 -0.000011 1.000000 0.000000 -1.000000 -0.000011 0.000078 64179.dat
1 19 829.993300 -121.567700 -37.494800 1.000000 0.000000 0.000001 0.000000 1.000000 0.000000 -0.000001 0.000000 1.000000 6589.dat
1 71 829.993300 -122.067700 -59.994800 0.000000 0.000000 1.000000 0.000000 1.000000 0.000000 -1.000000 0.000000 0.000000 4519.dat
1 71 829.993300 -122.067700 -99.994800 0.000000 -1.000000 0.000000 1.000000 0.000000 0.000000 0.000000 0.000000 1.000000 62520.dat
1 71 829.993300 -122.067700 -99.994700 -1.000000 0.000000 -0.000001 0.000000 1.000000 0.000000 0.000001 0.000000 -1.000000 3326.dat
1 71 829.993300 -122.067700 -99.994800 1.000000 0.000000 0.000000 0.000000 -1.000000 0.000000 0.000000 0.000000 -1.000000 62520.dat
1 72 829.993600 -122.067900 -19.994700 0.000000 1.000000 -0.000011 1.000000 0.000000 0.000000 0.000000 -0.000011 -1.000000 62821.dat
1 19 812.493600 -121.576900 -20.090000 -0.000001 0.000000 1.000000 -0.190808 0.981627 0.000000 -0.981627 -0.190808 -0.000001 6589.dat
1 71 829.993300 -122.067700 -139.994700 0.000000 0.000000 -1.000000 0.000000 1.000000 0.000000 1.000000 0.000000 0.000000 4519.dat
1 71 829.993300 -122.067700 -169.994700 1.000000 0.000000 0.000000 0.000000 1.000000 0.000000 0.000000 0.000000 1.000000 6538b.dat
1 71 829.993300 -122.067700 -199.994700 0.000000 0.000000 1.000000 0.000000 1.000000 0.000000 -1.000000 0.000000 0.000000 4519.dat
1 71 829.989000 -122.067100 -259.722100 -1.000000 0.000001 0.000001 -0.000001 -1.000000 0.000001 0.000001 0.000001 1.000000 32494.dat
1 71 829.989000 -142.067000 -139.993000 -1.000000 0.000000 0.000000 0.000000 1.000000 0.000000 0.000000 0.000000 -1.000000 4519.dat
1 71 829.989000 -121.442000 -139.993000 1.000000 0.000000 0.000000 0.000000 -1.000000 0.000000 0.000000 0.000000 -1.000000 32184.dat
1 71 829.989000 -102.067000 -139.993000 -1.000000 0.000000 0.000000 0.000000 1.000000 0.000000 0.000000 0.000000 -1.000000 4519.dat
1 71 809.988800 -142.067000 -179.993100 0.000000 1.000000 0.000001 -1.000000 0.000001 0.000000 -0.000001 0.000000 1.000000 40490.dat
1 71 829.988800 -142.067000 -199.993100 0.000000 1.000000 0.000001 -0.000001 0.000000 -1.000000 -1.000000 -0.000001 0.000000 60483.dat
1 71 829.988800 -142.067000 -199.993000 -1.000000 0.000000 0.000000 0.000000 1.000000 0.000000 0.000000 0.000000 -1.000000 32073.dat
1 71 789.989000 -142.317000 -199.993100 0.000000 1.000000 -0.000001 -0.000001 0.000000 1.000000 1.000000 0.000001 0.000000 33299.dat
1 71 869.988800 -142.317000 -199.993000 0.000000 -1.000000 0.000001 -0.000001 0.000000 1.000000 -1.000000 -0.000001 0.000000 33299.dat
1 71 809.988800 -102.067000 -179.993100 0.000000 1.000000 0.000001 -1.000000 0.000001 0.000000 -0.000001 0.000000 1.000000 40490.dat
1 19 829.989000 -102.067000 -259.993000 1.000000 0.000000 0.000000 0.000000 1.000000 0.000000 0.000000 0.000000 1.000000 32556.dat
1 71 829.989000 -122.067000 -259.993000 1.000000 0.000000 0.000000 0.000000 1.000000 0.000000 0.000000 0.000000 1.000000 11950.dat
1 19 829.989000 -142.067000 -259.993000 1.000000 0.000000 0.000000 0.000000 1.000000 0.000000 0.000000 0.000000 1.000000 32556.dat
1 71 849.989000 -142.067000 -179.993000 0.000000 1.000000 0.000001 -1.000000 0.000001 0.000000 -0.000001 0.000000 1.000000 40490.dat
1 0 829.989000 -122.067000 -279.744700 -1.000000 0.000000 0.000000 0.000000 -1.000000 0.000000 0.000000 0.000000 1.000000 23799.dat
1 71 829.989000 -122.067000 -279.744600 0.504551 0.863383 0.000000 -0.863383 0.504551 0.000000 0.000000 0.000000 1.000000 23800.dat
1 72 829.989000 -122.067000 -289.993000 0.000000 -1.000000 0.000000 1.000000 0.000000 0.000000 0.000000 0.000000 1.000000 92909.dat
1 71 849.989000 -102.067000 -179.993100 0.000000 1.000000 0.000001 -1.000000 0.000001 0.000000 -0.000001 0.000000 1.000000 40490.dat
1 71 870.612500 -122.068100 -79.990000 -0.000011 -1.000000 0.000000 0.000000 0.000000 -1.000000 1.000000 -0.000011 0.000000 6536.dat
1 1 869.988300 -122.066900 -69.991600 -0.000001 1.000000 0.000000 0.000000 -0.000001 -1.000000 -1.000000 0.000000 0.000001 3749.dat
1 1 849.989000 -122.067000 -79.993190 0.000000 -1.000000 -0.000011 -1.000000 0.000000 0.000000 0.000000 0.000011 -1.000000 6558.dat
1 71 870.607800 -122.065100 40.006800 -0.000011 -1.000000 0.000000 0.000000 0.000000 1.000000 -1.000000 0.000011 0.000000 6536.dat
1 1 869.983800 -122.066300 30.008400 -0.000001 1.000000 0.000000 0.000000 0.000001 1.000000 1.000000 0.000000 -0.000001 3749.dat
