0 FILE Mobile Light Tower.io
0 Untitled Model
0 Name:  Mobile Light Tower
0 Author:  
0 CustomBrick
0 FlexibleBrickControlPointUnitLength -1
0 FlexibleBrickLockedControlPoint 
0 NumOfBricks:  60
1 16 -10.000000 -39.555920 -140.000000 1.000000 0.000000 0.000000 0.000000 0.930418 -0.366501 0.000000 0.366501 0.930418 mobile light tower copy
0 NOFILE
0 FILE Mobile Light Tower Copy
0 Mobile Light Tower Copy
0 Name:  Mobile Light Tower Copy
0 Author:  
0 CustomBrick
0 FlexibleBrickControlPointUnitLength -1
0 FlexibleBrickLockedControlPoint 
0 NumOfBricks:  60
1 0 -28.382250 -22.225620 25.422820 0.000000 0.000000 1.000000 -0.366501 0.930418 0.000000 -0.930418 -0.366501 0.000000 26599.dat
1 71 -28.382250 -20.251460 3.149450 0.000000 0.000000 1.000000 -0.366501 0.930418 0.000000 -0.930418 -0.366501 0.000000 3673.dat
1 71 -28.382220 -5.591420 40.366180 0.000000 0.000000 1.000000 -0.366501 0.930418 0.000000 -0.930418 -0.366501 0.000000 3673.dat
0 STEP
1 0 -28.382260 -29.668930 28.354860 1.000000 0.000000 0.000000 0.000000 0.930418 0.366501 0.000000 -0.366501 0.930418 3020.dat
1 0 21.617740 -29.782260 49.895220 0.000000 0.000000 -1.000000 0.366501 0.930418 0.000000 0.930418 -0.366501 0.000000 43723.dat
1 0 21.617720 -44.442310 12.678490 0.000000 0.000000 -1.000000 0.366501 0.930418 0.000000 0.930418 -0.366501 0.000000 43722.dat
0 STEP
1 0 -28.382290 -29.782260 49.895200 -1.000000 0.000000 0.000000 0.000000 0.930418 -0.366501 0.000000 -0.366501 -0.930418 49097.dat
1 0 -58.382290 -37.112270 31.286870 0.000000 0.000000 1.000000 -0.366501 0.930418 0.000000 -0.930418 -0.366501 0.000000 3184.dat
1 0 -28.382290 -44.442310 12.678490 1.000000 0.000000 0.000000 0.000000 0.930418 0.366501 0.000000 -0.366501 0.930418 49097.dat
0 STEP
1 16 21.617750 -3.790390 50.404620 -1.000000 0.000000 0.000000 0.000000 0.930418 -0.366501 0.000000 -0.366501 -0.930418 support_mirrored copy
1 16 21.617720 -5.311280 -13.483490 1.000000 0.000000 0.000000 0.000000 0.930418 0.366501 0.000000 -0.366501 0.930418 support copy
0 STEP
1 0 11.617720 -14.782270 22.490820 1.000000 0.000000 0.000000 0.000000 0.930418 0.366501 0.000000 -0.366501 0.930418 2654.dat
0 STEP
1 191 -28.382260 -48.447270 67.995400 1.000000 0.000000 0.000000 0.000000 0.930418 0.366501 0.000000 -0.366501 0.930418 3010.dat
1 191 -28.382290 -44.555620 34.218860 1.000000 0.000000 0.000000 0.000000 0.930418 0.366501 0.000000 -0.366501 0.930418 3020.dat
1 191 -28.382290 -55.550660 6.306350 1.000000 0.000000 0.000000 0.000000 0.930418 0.366501 0.000000 -0.366501 0.930418 2431.dat
0 STEP
1 0 31.617780 -59.442300 40.082930 0.000000 0.000000 -1.000000 0.366501 0.930418 0.000000 0.930418 -0.366501 0.000000 68013.dat
1 0 21.617770 -59.442280 40.082960 0.000000 0.000000 -1.000000 0.366501 0.930418 0.000000 0.930418 -0.366501 0.000000 4216.dat
1 191 -8.382290 -63.107320 30.778700 1.000000 0.000000 0.000000 0.000000 0.930418 0.366501 0.000000 -0.366501 0.930418 4304.dat
1 191 -48.382290 -63.107320 30.778700 1.000000 0.000000 0.000000 0.000000 0.930418 0.366501 0.000000 -0.366501 0.930418 4304.dat
0 STEP
1 191 -28.382260 -55.777300 49.387050 1.000000 0.000000 0.000000 0.000000 0.930418 0.366501 0.000000 -0.366501 0.930418 3710.dat
1 0 31.617780 -66.885630 43.014940 1.000000 0.000000 0.000000 0.000000 0.930418 0.366501 0.000000 -0.366501 0.930418 18674.dat
0 STEP
1 191 1.617680 -64.121840 11.832170 1.000000 0.000000 0.000000 0.000000 0.366501 -0.930418 0.000000 0.930418 0.366501 3024.dat
1 71 -28.382290 -64.121840 11.832190 -1.000000 0.000000 0.000000 0.000000 0.366501 0.930418 0.000000 0.930418 -0.366501 11476.dat
1 191 -58.382320 -64.121840 11.832170 1.000000 0.000000 0.000000 0.000000 0.366501 -0.930418 0.000000 0.930418 0.366501 3024.dat
1 191 1.617740 -48.447280 67.995400 -1.000000 0.000000 0.000000 0.000000 0.930418 -0.366501 0.000000 -0.366501 -0.930418 bl_88930pb187.dat
0 STEP
1 71 -28.382290 -67.053840 4.388850 1.000000 0.000000 0.000000 0.000000 0.366502 -0.930417 0.000000 0.930417 0.366502 3069bpb855.dat
1 191 -58.382320 -67.053840 4.388850 1.000000 0.000000 0.000000 0.000000 0.366501 -0.930418 0.000000 0.930418 0.366501 3070b.dat
1 191 1.617680 -67.053850 4.388830 1.000000 0.000000 0.000000 0.000000 0.366502 -0.930417 0.000000 0.930417 0.366502 3070b.dat
1 191 -8.382290 -63.107320 30.778700 1.000000 0.000000 0.000000 0.000000 0.930418 0.366501 0.000000 -0.366501 0.930418 85984.dat
1 191 -48.382290 -63.107320 30.778700 1.000000 0.000000 0.000000 0.000000 0.930418 0.366501 0.000000 -0.366501 0.930418 85984.dat
0 STEP
1 0 12.557710 -81.997180 21.023020 0.000000 -1.000000 0.000000 -0.366501 0.000000 0.930418 -0.930418 0.000000 -0.366501 30374.dat
0 STEP
1 272 -48.382440 -83.997020 61.023200 -1.000000 0.000000 0.000000 0.000000 1.000001 0.000000 0.000000 0.000000 -1.000002 30350bpb105.dat
1 272 -8.382259 -83.997150 61.023020 -1.000000 0.000000 0.000000 0.000000 1.000000 0.000000 0.000000 0.000000 -1.000000 30350bpb105.dat
0 STEP
1 16 31.617770 -51.660770 64.929140 1.000000 0.000000 0.000000 0.000000 0.930418 0.366501 0.000000 -0.366501 0.930418 submodel group 3
0 STEP
1 16 29.382150 -178.705900 70.763270 1.000000 0.000000 0.000000 0.000000 0.930418 0.366501 0.000000 -0.366501 0.930418 light bar
0 STEP
1 16 -28.382250 18.684590 49.670340 0.999998 0.000000 0.000000 0.000000 0.930418 0.366500 0.000000 -0.366501 0.930416 submodel group 2
1 16 -28.382250 -3.305470 -6.154730 1.000000 0.000000 0.000000 0.000000 0.930418 0.366501 0.000000 -0.366501 0.930418 submodel group 2
0 STEP
0 NOFILE
0 FILE Support_Mirrored Copy
0 Support_Mirrored Copy
0 Name:  Support_Mirrored Copy
0 Author:  
0 CustomBrick
0 FlexibleBrickControlPointUnitLength -1
0 FlexibleBrickLockedControlPoint 
0 NumOfBricks:  2
1 0 0.000000 -15.996600 20.000000 1.000000 0.000000 0.000000 0.000000 1.000000 0.000000 0.000000 0.000000 1.000000 4735.dat
1 0 0.000000 -18.000000 -20.000000 1.000000 0.000000 0.000000 0.000000 1.000000 0.000000 0.000000 0.000000 1.000000 64644.dat
0 NOFILE
0 FILE Support Copy
0 Support Copy
0 Name:  Support Copy
0 Author:  
0 CustomBrick
0 FlexibleBrickControlPointUnitLength -1
0 FlexibleBrickLockedControlPoint 
0 NumOfBricks:  2
1 0 0.000000 -37.996600 20.000000 1.000000 0.000000 0.000000 0.000000 1.000000 0.000000 0.000000 0.000000 1.000000 4735.dat
1 0 0.000000 -40.000000 -20.000000 1.000000 0.000000 0.000000 0.000000 1.000000 0.000000 0.000000 0.000000 1.000000 64644.dat
0 NOFILE
0 FILE SubModel Group 3
0 SubModel Group 3
0 Name:  SubModel Group 3
0 Author:  
0 CustomBrick
0 FlexibleBrickControlPointUnitLength -1
0 FlexibleBrickLockedControlPoint 
0 NumOfBricks:  2
1 0 -0.000010 -132.634000 -25.969280 0.000000 0.000000 1.000000 0.000000 1.000000 0.000000 -1.000000 0.000000 0.000000 11090.dat
1 0 0.000010 -10.133910 -25.969280 1.000000 0.000000 0.000000 0.000000 1.000000 0.000000 0.000000 0.000000 1.000000 63965.dat
0 NOFILE
0 FILE Light Bar
0 Light Bar
0 Name:  Light Bar
0 Author:  
0 CustomBrick
0 FlexibleBrickControlPointUnitLength -1
0 FlexibleBrickLockedControlPoint 
0 NumOfBricks:  19
1 0 -0.164380 -22.290630 15.183160 1.000000 0.000000 0.000000 0.000000 0.000000 1.000000 0.000000 -1.000000 0.000000 37494.dat
1 16 -21.279370 -2.390630 -7.955960 0.923879 0.000000 -0.382684 0.000000 1.000000 0.000000 0.382684 0.000000 0.923880 submodel group
1 16 0.344170 -2.290620 -5.938110 1.000000 0.000000 0.000000 0.000000 1.000000 0.000000 0.000000 0.000000 1.000000 submodel group
1 16 21.243150 -2.390610 -8.076330 0.923880 0.000000 0.382684 0.000000 1.000000 0.000000 -0.382684 0.000000 0.923880 submodel group
0 NOFILE
0 FILE SubModel Group
0 SubModel Group
0 Name:  SubModel Group
0 Author:  
0 CustomBrick
0 FlexibleBrickControlPointUnitLength -1
0 FlexibleBrickLockedControlPoint 
0 NumOfBricks:  6
1 47 -0.158540 -30.000010 -4.897100 1.000000 0.000000 0.000000 0.000000 0.000000 -1.000000 0.000000 1.000000 0.000000 98138.dat
1 47 -0.158520 -10.000000 -4.897120 1.000000 0.000000 0.000000 0.000000 0.000000 -1.000000 0.000000 1.000000 0.000000 98138.dat
1 0 -0.158540 -20.000010 3.102900 0.000000 0.000000 1.000000 1.000000 0.000000 0.000000 0.000000 1.000000 0.000000 35480.dat
1 0 -0.158540 -29.999980 11.102900 1.000000 0.000000 0.000000 0.000000 0.000000 -1.000000 0.000000 1.000000 0.000000 5264.dat
1 0 -0.158490 -30.000000 11.102900 1.000001 0.000000 -0.000001 0.000000 0.000000 -1.000000 0.000000 1.000000 0.000000 5264.dat
1 0 -0.158620 -29.999980 11.102900 1.000000 0.000000 0.000000 0.000000 0.000000 -1.000000 0.000001 1.000000 0.000000 5264.dat
0 NOFILE
0 FILE SubModel Group 2
0 SubModel Group 2
0 Name:  SubModel Group 2
0 Author:  
0 CustomBrick
0 FlexibleBrickControlPointUnitLength -1
0 FlexibleBrickLockedControlPoint 
0 NumOfBricks:  2
1 71 0.000000 -19.176840 -7.553950 1.000002 0.000000 0.000000 0.000000 1.000000 0.000000 0.000000 0.000000 1.000002 42610.dat
1 0 0.000000 -19.176840 -7.553950 1.000002 0.000000 0.000000 0.000000 1.000000 0.000000 0.000000 0.000000 1.000002 50951.dat
0 NOFILE
